5604988890, 18, 0, 0, 4
5604988890, 18, 1, 0, 4
5609499883, 4, 0, 0, 4
5609499883, 4, 1, 0, 4
5609499929, 7, 0, 0, 4
5609499929, 7, 1, 0, 4
5609499975, 6, 0, 0, 4
5609499975, 6, 1, 0, 4
5609500067, 10, 0, 0, 4
5609500067, 10, 1, 0, 4
5609500113, 11, 0, 0, 4
5609500113, 11, 1, 0, 4
5609500205, 20, 0, 0, 4
5609500205, 20, 1, 0, 4
5609500297, 3, 0, 0, 4
5609500297, 3, 1, 0, 4
5609500343, 5, 0, 0, 4
5609500343, 5, 1, 0, 4
5609500389, 15, 0, 0, 4
5609500389, 15, 1, 0, 4
5609500435, 12, 0, 0, 4
5609500435, 12, 1, 0, 4
5609500481, 14, 0, 0, 4
5609500481, 14, 1, 0, 4
5609500890, 16, 0, 0, 4
5609500890, 16, 1, 0, 4
5609500982, 17, 0, 0, 4
5609500982, 17, 1, 0, 4
5609502257, 19, 0, 0, 4
5609502257, 19, 1, 0, 4
5609503442, 8, 0, 0, 4
5609503442, 8, 1, 0, 4
5615886027, 1, 0, 0, 4
5615886027, 1, 1, 0, 4
5624580030, 9, 0, 0, 4
5624580030, 9, 1, 0, 4
5624581215, 13, 0, 0, 4
5624581215, 13, 1, 0, 4
5624893748, 2, 0, 0, 4
5624893748, 2, 1, 0, 4
