05_12_2020_10_37_36	64	5	100	200000	17658965	0	0	31942	4	398.0
05_12_2020_10_37_44	64	5	100	1000000	60000000	0	2199	7991	4	3281.8
05_12_2020_10_37_54	64	5	100	2000000	60000000	0	2968	4331	4	7104.8
05_12_2020_10_38_04	90	5	100	200000	27049299	0	0	28940	4	663.0
05_12_2020_10_38_14	90	5	100	1000000	60000000	0	8639	6717	4	4416.4
05_12_2020_10_38_25	90	5	100	2000000	60000000	0	536	3977	4	7480.4
05_12_2020_10_38_35	128	5	100	200000	39362852	0	0	57297	4	670.2
05_12_2020_10_38_45	128	5	100	1000000	60000000	0	10169	7206	4	2447.4
05_12_2020_10_38_54	128	5	100	2000000	60000000	0	262	2023	4	6419.4
05_12_2020_10_39_05	181	5	100	200000	14748900	0	0	15168	4	485.2
05_12_2020_10_39_15	181	5	100	1000000	60000000	0	13709	4588	4	4643.0
05_12_2020_10_39_25	181	5	100	2000000	60000000	0	108	628	4	8509.0
05_12_2020_10_39_35	256	5	100	200000	28517160	0	0	33725	4	584.6
05_12_2020_10_39_45	256	5	100	1000000	60000000	122	548	7363	4	2072.0
05_12_2020_10_39_55	256	5	100	2000000	57660707	48	25	223	4	7539.8
05_12_2020_10_40_05	362	5	100	200000	12854818	28	0	13299	4	437.2
05_12_2020_10_40_15	362	5	100	1000000	60000000	80	30723	173	4	2848.8
05_12_2020_10_40_25	362	5	100	2000000	60000000	0	1179	1070	4	9206.8
05_12_2020_10_40_35	512	5	100	200000	13011771	0	0	12300	4	407.0
05_12_2020_10_40_45	512	5	100	1000000	18199287	183	0	705	4	3146.4
05_12_2020_10_40_55	512	5	100	2000000	60000000	312	163	1859	4	6830.2
05_12_2020_10_41_05	724	5	100	200000	60000000	1467	4	3240	4	432.6
05_12_2020_10_41_15	724	5	100	1000000	17047748	63	13	162	4	2543.8
05_12_2020_10_41_25	724	5	100	2000000	60000000	122	5683	74	4	6439.6
05_12_2020_10_41_36	1024	5	100	200000	11220912	491	2	4469	4	385.0
05_12_2020_10_41_46	1024	5	100	1000000	60000000	501	2113	1425	4	1700.0
05_12_2020_10_41_56	1024	5	100	2000000	51937887	0	0	1292	4	6213.4
05_12_2020_10_42_06	1448	5	100	200000	10180536	3065	85	2289	4	367.8
05_12_2020_10_42_16	1448	5	100	1000000	60000000	0	1068	981	4	4392.6
05_12_2020_10_42_26	1448	5	100	2000000	16655212	813	21	23	4	4830.6
05_12_2020_10_42_36	2048	5	100	200000	9073952	5314	417	2160	4	375.4
05_12_2020_10_42_46	2048	5	100	1000000	60000000	277	6022	3085	4	2772.2
05_12_2020_10_42_56	2048	5	100	2000000	60000000	0	32119	14265	4	6798.0
05_12_2020_10_43_06	2896	5	100	200000	8796527	4725	309	1669	4	344.2
05_12_2020_10_43_16	2896	5	100	1000000	60000000	3186	10738	10	4	1508.4
05_12_2020_10_43_26	2896	5	100	2000000	60000000	0	909	213	4	8882.2
05_12_2020_10_43_37	4096	5	100	200000	8425309	9337	102	2088	4	340.6
05_12_2020_10_43_47	4096	5	100	1000000	60000000	2037	35588	1390	4	1678.8
05_12_2020_10_43_57	4096	5	100	2000000	60000000	0	71950	1	4	4417.0
05_12_2020_10_44_07	5792	5	100	200000	8195070	5181	101	1810	4	328.0
05_12_2020_10_44_17	5792	5	100	1000000	60000000	2184	17795	5093	4	1418.2
05_12_2020_10_44_27	5792	5	100	2000000	60000000	34	10190	0	4	3647.0
05_12_2020_10_44_37	8192	5	100	200000	7998236	4813	294	1965	4	334.8
05_12_2020_10_44_57	8192	5	100	2000000	60000000	0	34108	0	4	4154.6
05_12_2020_10_45_07	11585	5	100	200000	7846770	4331	237	2130	4	342.0
05_12_2020_10_45_17	11585	5	100	1000000	60000000	1660	17803	3826	4	1578.8
05_12_2020_10_45_37	16384	5	100	200000	7732917	3627	61	2006	4	339.6
05_12_2020_10_45_58	16384	5	100	1000000	60000000	2022	10099	818	4	1246.4
05_12_2020_10_47_24	23170	5	100	1000000	46858747	3541	8985	4371	4	1496.6
05_12_2020_10_48_25	32768	5	100	200000	7559963	3608	23	2059	4	381.8
05_12_2020_10_48_39	32768	5	100	1000000	46118857	2239	2898	1443	4	1330.2
05_12_2020_10_49_20	46340	5	100	200000	7580867	3779	16	1977	4	388.4
05_12_2020_10_49_46	46340	5	100	1000000	31770671	885	2594	938	4	1227.8
05_12_2020_10_50_20	46340	5	100	2000000	60000000	1385	4239	2114	4	2728.8
05_12_2020_10_50_31	65536	5	100	200000	7483449	3440	39	2085	4	392.8
05_12_2020_10_50_46	65536	5	100	1000000	11800098	1231	332	242	4	1266.0
05_12_2020_10_50_56	65536	5	100	2000000	60000000	428	4057	1795	4	2653.4
05_12_2020_10_51_06	92681	5	100	200000	7522678	3435	35	2083	4	400.0
05_12_2020_10_51_16	92681	5	100	1000000	13115807	6440	2780	67	4	1196.2
05_12_2020_10_51_36	92681	5	100	2000000	58437336	3333	3111	1491	4	2644.0
05_12_2020_10_51_47	131072	5	100	200000	7565995	3707	22	2056	4	407.8
05_12_2020_10_51_56	131072	5	100	1000000	9654244	1300	803	166	4	1236.2
05_12_2020_10_52_06	131072	5	100	2000000	42233611	6229	1558	761	4	2413.2
05_12_2020_10_52_16	185363	5	100	200000	7436887	3817	20	2046	4	400.6
05_12_2020_10_52_47	185363	5	100	1000000	9665776	2495	825	186	4	1251.4
05_12_2020_10_53_39	185363	5	100	2000000	27441059	3320	3474	139	4	2234.0
05_12_2020_10_54_38	262144	5	100	200000	7408115	3373	14	2054	4	403.0
05_12_2020_10_54_48	262144	5	100	1000000	9107055	1879	288	218	4	1326.4
05_12_2020_10_55_18	262144	5	100	2000000	23610732	7124	1207	175	4	2269.0
05_12_2020_10_55_33	370727	5	100	200000	7270927	3598	16	2068	4	398.0
05_12_2020_10_55_45	370727	5	100	1000000	8951442	1945	82	198	4	1322.0
05_12_2020_10_56_29	370727	5	100	2000000	20594285	9978	2201	59	4	2218.8
05_12_2020_10_56_55	524288	5	100	200000	7404595	3370	8	2104	4	407.4
05_12_2020_10_57_30	524288	5	100	1000000	8667857	1548	114	195	4	1334.0
05_12_2020_10_57_40	524288	5	100	2000000	19259666	7712	2619	22	4	2174.4
05_12_2020_10_58_00	741455	5	100	200000	7248579	3159	21	2051	4	399.8
05_12_2020_10_59_23	741455	5	100	1000000	8731761	1678	14	215	4	1360.2
05_12_2020_10_59_57	741455	5	100	2000000	13537613	6491	1496	32	4	2162.6
05_12_2020_11_00_12	1048576	5	100	200000	7406132	3602	7	2086	4	407.6
05_12_2020_11_00_23	1048576	5	100	1000000	8242826	2656	887	259	4	1247.0
05_12_2020_11_00_32	1048576	5	100	2000000	12221429	5258	1494	48	4	2219.4
05_12_2020_11_00_42	64	10	100	200000	9181571	0	0	42712	9	396.4
05_12_2020_11_02_20	64	10	100	1000000	60000000	0	15710	17408	9	3160.0
05_12_2020_11_02_28	64	10	100	2000000	60000000	0	13039	7990	9	7099.4
05_12_2020_11_03_30	90	10	100	200000	14905653	0	0	34872	9	648.8
05_12_2020_11_04_04	90	10	100	1000000	60000000	0	10721	16302	9	4316.3
05_12_2020_11_04_14	90	10	100	2000000	60000000	0	1110	7784	9	7575.2
05_12_2020_11_04_25	128	10	100	200000	17971186	0	0	53015	9	660.7
05_12_2020_11_05_11	128	10	100	1000000	60000000	0	16763	11059	9	2661.1
05_12_2020_11_05_20	128	10	100	2000000	60000000	0	2026	6173	9	6373.2
05_12_2020_11_05_30	181	10	100	200000	8539541	2345	0	21543	9	570.0
05_12_2020_11_05_40	181	10	100	1000000	60000000	0	67665	5971	9	4595.5
05_12_2020_11_06_26	181	10	100	2000000	60000000	0	234	2421	9	8470.3
05_12_2020_11_06_41	256	10	100	200000	15087021	0	0	35970	9	472.3
05_12_2020_11_06_51	256	10	100	1000000	60000000	501	2321	7449	9	2165.9
05_12_2020_11_07_01	256	10	100	2000000	60000000	42	781	2285	9	7012.9
05_12_2020_11_07_11	362	10	100	200000	8387865	139	0	18302	9	457.3
05_12_2020_11_07_21	362	10	100	1000000	60000000	187	16199	321	9	3078.6
05_12_2020_11_08_13	362	10	100	2000000	60000000	0	5822	3192	9	9135.4
05_12_2020_11_08_37	512	10	100	200000	8324609	1840	0	15937	9	420.4
05_12_2020_11_08_52	512	10	100	1000000	11941206	466	0	745	9	3134.5
05_12_2020_11_09_02	512	10	100	2000000	58261482	698	343	2545	9	6868.5
05_12_2020_11_09_13	724	10	100	200000	17719999	2830	85	11358	9	453.2
05_12_2020_11_09_22	724	10	100	1000000	10387771	286	38	220	9	2487.0
05_12_2020_11_10_19	724	10	100	2000000	46286186	155	6763	205	9	6274.3
05_12_2020_11_10_33	1024	10	100	200000	22227266	5115	215	6227	9	472.8
05_12_2020_11_10_54	1024	10	100	1000000	54379611	995	1959	1206	9	1724.7
05_12_2020_11_11_14	1024	10	100	2000000	60000000	0	4506	3572	9	6248.8
05_12_2020_11_11_40	1448	10	100	200000	24153519	10024	1164	5096	9	482.8
05_12_2020_11_12_09	1448	10	100	1000000	60000000	0	3070	3864	9	4502.2
05_12_2020_11_12_20	1448	10	100	2000000	12244859	686	58	51	9	4772.8
05_12_2020_11_12_51	2048	10	100	200000	17415509	13399	666	5096	9	418.9
05_12_2020_11_13_05	2048	10	100	1000000	60000000	388	6464	6396	9	2991.9
05_12_2020_11_13_36	2048	10	100	2000000	60000000	0	38274	28631	9	7287.0
05_12_2020_11_14_02	2896	10	100	200000	8466781	13374	413	6165	9	350.9
05_12_2020_11_14_11	2896	10	100	1000000	60000000	1131	26774	9	9	1630.4
05_12_2020_11_14_47	2896	10	100	2000000	60000000	0	2107	878	9	8638.4
05_12_2020_11_14_57	4096	10	100	200000	28317275	8740	495	4089	9	538.3
05_12_2020_11_15_07	4096	10	100	1000000	60000000	2310	55623	16	9	1730.6
05_12_2020_11_15_17	4096	10	100	2000000	60000000	0	107702	0	9	4161.5
05_12_2020_11_15_27	5792	10	100	200000	15569266	7143	134	5981	9	436.5
05_12_2020_11_16_49	5792	10	100	2000000	60000000	0	20398	0	9	3699.1
05_12_2020_11_16_58	8192	10	100	200000	8164317	10484	490	6278	9	313.1
05_12_2020_11_17_33	8192	10	100	2000000	60000000	463	69050	1	9	4001.1
05_12_2020_11_17_43	11585	10	100	200000	15195397	11906	385	5696	9	396.3
05_12_2020_11_18_55	11585	10	100	1000000	38816974	6112	21297	3276	9	1532.0
05_12_2020_11_20_01	11585	10	100	2000000	60000000	7130	25377	5078	9	3558.7
05_12_2020_11_20_10	16384	10	100	200000	7816899	11912	301	6508	9	344.0
05_12_2020_11_20_25	16384	10	100	1000000	38338713	2153	8706	2803	9	1303.2
05_12_2020_11_20_46	23170	10	100	200000	7600703	11456	418	6891	9	396.6
05_12_2020_11_21_11	23170	10	100	1000000	23487942	43760	8402	3772	9	1397.6
05_12_2020_11_22_57	32768	10	100	200000	7563862	10304	293	6831	9	400.8
05_12_2020_11_23_23	32768	10	100	1000000	22982093	3700	2202	834	9	1219.6
05_12_2020_11_23_32	32768	10	100	2000000	60000000	1875	17981	8982	9	3208.9
05_12_2020_11_23_43	46340	10	100	200000	7518858	9449	274	7027	9	409.1
05_12_2020_11_24_13	46340	10	100	1000000	16315536	10481	2580	1189	9	1275.4
05_12_2020_11_24_33	65536	10	100	200000	7561260	9000	182	6711	9	407.6
05_12_2020_11_24_43	65536	10	100	1000000	11514146	3196	1474	535	9	1210.0
05_12_2020_11_24_53	65536	10	100	2000000	37369586	21796	5204	2468	9	2764.6
05_12_2020_11_25_03	92681	10	100	200000	7526092	9978	268	7046	9	414.7
05_12_2020_11_25_18	92681	10	100	1000000	11094499	5975	5196	454	9	1231.3
05_12_2020_11_25_34	92681	10	100	2000000	30700107	16176	2962	1309	9	2545.3
05_12_2020_11_25_59	131072	10	100	200000	7575490	8983	175	6844	9	410.2
05_12_2020_11_26_09	131072	10	100	1000000	10300729	4047	3180	619	9	1240.1
05_12_2020_11_26_29	131072	10	100	2000000	21570448	20521	1489	672	9	2425.8
05_12_2020_11_26_40	185363	10	100	200000	7448261	9542	155	7029	9	414.3
05_12_2020_11_27_09	185363	10	100	1000000	9646494	5600	2061	688	9	1302.5
05_12_2020_11_27_40	185363	10	100	2000000	21075510	13908	5600	55	9	2274.8
05_12_2020_11_28_36	262144	10	100	200000	7460086	9621	145	7312	9	416.0
05_12_2020_11_28_46	262144	10	100	1000000	9575551	5043	2893	722	9	1295.8
05_12_2020_11_29_42	262144	10	100	2000000	13287748	12434	1181	203	9	2290.0
05_12_2020_11_30_03	370727	10	100	200000	7296565	9658	71	6831	9	403.6
05_12_2020_11_31_44	370727	10	100	1000000	8782615	3579	2566	700	9	1315.5
05_12_2020_11_32_39	370727	10	100	2000000	14634420	10337	3019	144	9	2209.4
05_12_2020_11_33_00	524288	10	100	200000	7441071	10009	90	7236	9	415.1
05_12_2020_11_33_50	524288	10	100	1000000	8811404	4174	1562	734	9	1349.7
05_12_2020_11_35_07	524288	10	100	2000000	12776014	8242	4224	128	9	2208.7
05_12_2020_11_35_16	741455	10	100	200000	7276989	9061	95	6971	9	407.7
05_12_2020_11_35_26	741455	10	100	1000000	8864152	2986	459	743	9	1408.0
05_12_2020_11_36_17	741455	10	100	2000000	11519947	6723	3106	158	9	2245.7
05_12_2020_11_37_23	1048576	10	100	200000	7450789	9407	83	7311	9	416.4
05_12_2020_11_37_33	1048576	10	100	1000000	8135742	3045	2020	718	9	1349.7
05_12_2020_11_38_24	1048576	10	100	2000000	10348705	5682	2875	199	9	2249.0
