01_22_2020_14_16_20	8	1	4	60000	59879690	2612	0	0	49.0
01_22_2020_14_16_29	8	1	8	60000	34915446	19	0	0	49.0
01_22_2020_14_16_39	8	1	16	60000	34992042	0	0	0	49.0
01_22_2020_14_16_49	8	1	32	60000	34914610	0	0	0	49.0
01_22_2020_14_16_59	8	1	64	60000	34979645	0	0	0	49.0
01_22_2020_14_17_09	8	1	128	60000	34912009	0	0	0	49.0
01_22_2020_14_17_19	11	1	4	60000	59242941	2411	0	0	47.0
01_22_2020_14_17_29	11	1	8	60000	30940412	312	0	0	47.0
01_22_2020_14_17_39	11	1	16	60000	30949104	0	0	0	47.0
01_22_2020_14_17_49	11	1	32	60000	30886539	0	0	0	47.0
01_22_2020_14_17_59	11	1	64	60000	30931535	0	0	0	47.0
01_22_2020_14_18_09	11	1	128	60000	30990808	0	0	0	47.0
01_22_2020_14_18_20	16	1	4	60000	59972112	6146	0	0	56.0
01_22_2020_14_18_30	16	1	8	60000	40847347	3707	0	0	57.0
01_22_2020_14_18_40	16	1	16	60000	27332298	0	0	0	57.0
01_22_2020_14_18_50	16	1	32	60000	27328752	0	0	0	57.0
01_22_2020_14_19_00	16	1	64	60000	27377173	0	0	0	57.0
01_22_2020_14_19_10	16	1	128	60000	27400907	0	0	0	57.0
01_22_2020_14_19_20	22	1	4	60000	49446796	48605	0	0	44.0
01_22_2020_14_19_30	22	1	8	60000	59523353	10611	0	0	47.0
01_22_2020_14_19_40	22	1	16	60000	12714582	339	0	0	51.0
01_22_2020_14_19_51	22	1	32	60000	12680780	0	0	0	51.0
01_22_2020_14_20_01	22	1	64	60000	12724813	0	0	0	51.0
01_22_2020_14_20_13	22	1	128	60000	12693200	0	0	0	51.0
01_22_2020_14_20_23	32	1	4	60000	51800115	34106	0	0	41.0
01_22_2020_14_20_34	32	1	8	60000	49488051	6843	0	0	46.0
01_22_2020_14_20_43	32	1	16	60000	20736706	238	0	0	48.0
01_22_2020_14_20_53	32	1	32	60000	20719728	0	0	0	48.0
01_22_2020_14_21_03	32	1	64	60000	20748968	0	0	0	48.0
01_22_2020_14_21_14	32	1	128	60000	20685384	0	0	0	48.0
01_22_2020_14_21_24	45	1	4	60000	59991520	11622	0	0	47.0
01_22_2020_14_21_34	45	1	8	60000	40716255	15530	0	0	58.0
01_22_2020_14_21_44	45	1	16	60000	19810938	276	0	0	62.0
01_22_2020_14_21_55	45	1	32	60000	19637173	0	0	0	62.0
01_22_2020_14_22_05	45	1	64	60000	19652276	0	0	0	62.0
01_22_2020_14_22_17	45	1	128	60000	19629828	0	0	0	62.0
01_22_2020_14_22_26	64	1	4	60000	59999985	25848	0	0	43.0
01_22_2020_14_22_36	64	1	8	60000	26507298	4759	0	0	49.0
01_22_2020_14_22_46	64	1	16	60000	25357049	85	0	0	53.0
01_22_2020_14_22_57	64	1	32	60000	25381873	0	0	0	53.0
01_22_2020_14_23_07	64	1	64	60000	25356979	0	0	0	53.0
01_22_2020_14_23_19	64	1	128	60000	25268958	0	0	0	53.0
01_22_2020_14_23_28	90	1	4	60000	28043002	39766	0	0	46.0
01_22_2020_14_23_39	90	1	8	60000	20776927	24474	0	0	56.0
01_22_2020_14_23_49	90	1	16	60000	15503692	4035	0	0	64.0
01_22_2020_14_24_11	90	1	32	60000	14744020	12	0	0	66.0
01_22_2020_14_25_17	90	1	64	60000	14723483	0	0	0	66.0
01_22_2020_14_25_38	90	1	128	60000	14696191	0	0	0	66.0
01_22_2020_14_26_08	128	1	4	60000	37470891	32459	0	0	44.0
01_22_2020_14_26_20	128	1	8	60000	24918296	8198	0	0	53.0
01_22_2020_14_26_30	128	1	16	60000	23172007	416	0	0	57.0
01_22_2020_14_26_41	128	1	32	60000	22980593	1	0	0	58.0
01_22_2020_14_27_02	128	1	64	60000	22986591	1	0	0	57.0
01_22_2020_14_27_18	128	1	128	60000	23019445	0	0	0	57.0
01_22_2020_14_27_28	181	1	4	60000	29067538	38713	0	0	44.0
01_22_2020_14_27_44	181	1	8	60000	22154364	20941	0	0	60.0
01_22_2020_14_27_54	181	1	16	60000	16372026	10376	0	0	78.0
01_22_2020_14_28_21	181	1	32	60000	11077355	2726	0	0	93.0
01_22_2020_14_28_37	181	1	64	60000	9528212	38	0	0	97.0
01_22_2020_14_28_53	181	1	128	60000	9573369	0	0	0	96.0
01_22_2020_14_29_30	256	1	4	60000	59999998	33373	0	0	44.0
01_22_2020_14_29_40	256	1	8	60000	23653580	10153	0	0	53.0
01_22_2020_14_29_51	256	1	16	60000	21041837	709	0	0	59.0
01_22_2020_14_30_01	256	1	32	60000	20723542	41	0	0	61.0
01_22_2020_14_30_39	256	1	64	60000	20772962	11	0	0	61.0
01_22_2020_14_31_28	256	1	128	60000	20672654	0	0	0	61.0
01_22_2020_14_31_38	362	1	4	60000	25354697	63132	0	0	44.0
01_22_2020_14_31_49	362	1	8	60000	22108106	37801	0	0	60.0
01_22_2020_14_31_59	362	1	16	60000	16748948	9286	0	0	74.0
01_22_2020_14_32_25	362	1	32	60000	12326770	2303	0	0	87.0
01_22_2020_14_32_35	362	1	64	60000	11493900	66	0	0	90.0
01_22_2020_14_32_46	362	1	128	60000	11452246	11	0	0	90.0
01_22_2020_14_32_56	512	1	4	60000	59107629	8954	0	0	46.0
01_22_2020_14_33_12	512	1	8	60000	20956238	14622	0	0	54.0
01_22_2020_14_33_22	512	1	16	60000	17701238	983	0	0	64.0
01_22_2020_14_33_33	512	1	32	60000	17361472	34	0	0	65.0
01_22_2020_14_33_43	512	1	64	60000	17441123	119	0	0	65.0
01_22_2020_14_33_53	512	1	128	60000	17348117	139	0	0	65.0
01_22_2020_14_34_03	724	1	4	60000	36062410	45012	0	0	45.0
01_22_2020_14_34_14	724	1	8	60000	18263348	50846	0	0	57.0
01_22_2020_14_34_24	724	1	16	60000	15604913	18052	0	0	72.0
01_22_2020_14_34_34	724	1	32	60000	13087282	35	0	0	79.0
01_22_2020_14_34_45	724	1	64	60000	13084028	150	0	0	79.0
01_22_2020_14_34_55	724	1	128	60000	14095767	241	0	0	79.0
01_22_2020_14_35_05	1024	1	4	60000	59999998	73760	0	0	47.0
01_22_2020_14_35_16	1024	1	8	60000	59999998	54837	0	0	56.0
01_22_2020_14_35_26	1024	1	16	60000	15481245	9215	0	0	68.0
01_22_2020_14_35_53	1024	1	32	60000	12988610	19	0	0	75.0
01_22_2020_14_36_09	1024	1	64	60000	12956954	86	0	0	75.0
01_22_2020_14_37_03	1024	1	128	60000	13067110	244	0	0	75.0
01_22_2020_14_37_13	1448	1	4	60000	59670811	45983	0	0	47.0
01_22_2020_14_37_24	1448	1	8	60000	18901523	43901	0	0	59.0
01_22_2020_14_37_34	1448	1	16	60000	14261831	29713	0	0	70.0
01_22_2020_14_37_44	1448	1	32	60000	10545503	8248	0	0	88.0
01_22_2020_14_37_55	1448	1	64	60000	8700575	15	0	0	94.0
01_22_2020_14_38_05	1448	1	128	60000	9841936	83	0	0	94.0
01_22_2020_14_38_15	2048	1	4	60000	59145985	10386	0	0	49.0
01_22_2020_14_38_26	2048	1	8	60000	59395539	14576	0	0	58.0
01_22_2020_14_38_47	2048	1	16	60000	12399216	35846	0	0	66.0
01_22_2020_14_39_03	2048	1	32	60000	10803809	2841	0	0	77.0
01_22_2020_14_39_14	2048	1	64	60000	9674939	83	0	0	82.0
01_22_2020_14_39_46	2048	1	128	60000	9726296	0	0	0	82.0
01_22_2020_14_40_18	2896	1	4	60000	59652133	6625	0	0	51.0
01_22_2020_14_40_29	2896	1	8	60000	59189597	9932	0	0	57.0
01_22_2020_14_40_44	2896	1	16	60000	11115030	54007	0	0	67.0
01_22_2020_14_40_55	2896	1	32	60000	9088582	16000	0	0	81.0
01_22_2020_14_41_05	2896	1	64	60000	7883066	1038	0	0	90.0
01_22_2020_14_41_32	2896	1	128	60000	7802272	146	0	0	89.0
01_22_2020_14_41_42	4096	1	4	60000	59143455	3798	0	0	52.0
01_22_2020_14_41_58	4096	1	8	60000	59176292	3408	0	0	54.0
01_22_2020_14_42_09	4096	1	16	60000	59463385	9873	0	0	69.0
01_22_2020_14_42_41	4096	1	32	60000	8366629	18623	0	0	76.0
01_22_2020_14_42_51	4096	1	64	60000	7045367	396	0	0	87.0
01_22_2020_14_43_01	4096	1	128	60000	6416169	151	0	0	92.0
01_22_2020_14_43_12	5792	1	4	60000	59887600	4173	0	0	57.0
01_22_2020_14_43_22	5792	1	8	60000	59552738	4817	0	0	60.0
01_22_2020_14_43_33	5792	1	16	60000	59539615	3597	0	0	53.0
01_22_2020_14_43_43	5792	1	32	60000	6862968	28177	0	0	78.0
01_22_2020_14_43_53	5792	1	64	60000	6852898	2610	0	0	80.0
01_22_2020_14_44_04	5792	1	128	60000	5737546	151	0	0	103.0
01_22_2020_14_44_14	8192	1	4	60000	59500063	3619	0	0	49.0
01_22_2020_14_44_24	8192	1	8	60000	59975819	6348	0	0	60.0
01_22_2020_14_44_35	8192	1	16	60000	59999994	5269	0	0	67.0
01_22_2020_14_44_45	8192	1	32	60000	59057878	4945	0	0	77.0
01_22_2020_14_44_55	8192	1	64	60000	6015743	8343	0	0	90.0
01_22_2020_14_45_06	8192	1	128	60000	5507953	100	0	0	122.0
01_22_2020_14_45_16	11585	1	4	60000	59889043	6084	0	0	56.0
01_22_2020_14_45_26	11585	1	8	60000	59609305	5151	0	0	62.0
01_22_2020_14_45_36	11585	1	16	60000	59910491	4127	0	0	68.0
01_22_2020_14_45_47	11585	1	32	60000	59754001	8691	0	0	81.0
01_22_2020_14_45_57	11585	1	64	60000	5709973	14175	0	0	103.0
01_22_2020_14_46_07	11585	1	128	60000	5594352	281	0	0	130.0
01_22_2020_14_46_17	16384	1	4	60000	59147346	7695	0	0	60.0
01_22_2020_14_46_28	16384	1	8	60000	59999997	6528	0	0	62.0
01_22_2020_14_46_38	16384	1	16	60000	59998097	4566	0	0	62.0
01_22_2020_14_46_49	16384	1	32	60000	59770983	6733	0	0	79.0
01_22_2020_14_46_59	16384	1	64	60000	5653916	1063	0	0	106.0
01_22_2020_14_47_10	16384	1	128	60000	5560622	1473	0	0	122.0
01_22_2020_14_47_19	23170	1	4	60000	59504869	6967	0	0	61.0
01_22_2020_14_47_30	23170	1	8	60000	59783954	5142	0	0	63.0
01_22_2020_14_47_40	23170	1	16	60000	59968411	5390	0	0	67.0
01_22_2020_14_47_50	23170	1	32	60000	59227992	4870	0	0	71.0
01_22_2020_14_48_00	23170	1	64	60000	5518041	7755	0	0	117.0
01_22_2020_14_48_11	23170	1	128	60000	5509112	3840	0	0	148.0
01_22_2020_14_48_21	32768	1	4	60000	59705052	5799	0	0	60.0
01_22_2020_14_48_31	32768	1	8	60000	59884711	6907	0	0	63.0
01_22_2020_14_48_42	32768	1	16	60000	59876761	5485	0	0	64.0
01_22_2020_14_48_52	32768	1	32	60000	59885621	5601	0	0	78.0
01_22_2020_14_49_02	32768	1	64	60000	5721398	1286	0	0	116.0
01_22_2020_14_49_11	32768	1	128	60000	5548040	311	0	0	173.0
01_22_2020_14_49_23	46340	1	4	60000	59342695	5989	0	0	62.0
01_22_2020_14_49_32	46340	1	8	60000	59714377	5270	0	0	63.0
01_22_2020_14_49_43	46340	1	16	60000	59807571	5300	0	0	67.0
01_22_2020_14_49_53	46340	1	32	60000	59436199	5014	0	0	73.0
01_22_2020_14_50_04	46340	1	64	60000	5546247	2059	0	0	119.0
01_22_2020_14_50_15	46340	1	128	60000	5534034	1832	0	0	169.0
01_22_2020_14_50_26	65536	1	4	60000	59917459	7125	0	0	62.0
01_22_2020_14_50_36	65536	1	8	60000	59132062	6334	0	0	63.0
01_22_2020_14_50_46	65536	1	16	60000	59787784	5810	0	0	65.0
01_22_2020_14_51_13	65536	1	32	60000	28061529	3305	0	0	81.0
01_22_2020_14_51_24	65536	1	64	60000	5527937	3661	0	0	121.0
01_22_2020_14_51_34	65536	1	128	60000	5523747	605	0	0	175.0
01_22_2020_14_51_50	92681	1	4	60000	59386386	4432	0	0	60.0
01_22_2020_14_52_00	92681	1	8	60000	39007435	4875	0	0	63.0
01_22_2020_14_52_11	92681	1	16	60000	17769830	2640	0	0	68.0
01_22_2020_14_52_27	92681	1	32	60000	6649370	1624	0	0	86.0
01_22_2020_14_52_38	92681	1	64	60000	5516419	3072	0	0	122.0
01_22_2020_14_53_05	92681	1	128	60000	5506794	796	0	0	188.0
01_22_2020_14_53_42	131072	1	4	60000	57380752	6870	0	0	61.0
01_22_2020_14_53_52	131072	1	8	60000	59066324	6259	0	0	63.0
01_22_2020_14_54_01	131072	1	16	60000	59853247	5839	0	0	65.0
01_22_2020_14_54_12	131072	1	32	60000	19192576	2507	0	0	82.0
01_22_2020_14_54_23	131072	1	64	60000	5499232	583	0	0	123.0
01_22_2020_14_54_33	131072	1	128	60000	5485646	871	0	0	192.0
01_22_2020_14_54_44	185363	1	4	60000	29646284	3876	0	0	62.0
01_22_2020_14_55_05	185363	1	8	60000	22643339	3628	0	0	63.0
01_22_2020_14_55_15	185363	1	16	60000	28985692	3309	0	0	65.0
01_22_2020_14_55_26	185363	1	32	60000	12997838	1672	0	0	82.0
01_22_2020_14_55_53	185363	1	64	60000	5494362	773	0	0	123.0
01_22_2020_14_56_31	185363	1	128	60000	5472188	854	0	0	198.0
01_22_2020_14_56_57	262144	1	4	60000	30936410	6679	0	0	60.0
01_22_2020_14_57_35	262144	1	8	60000	59942454	6846	0	0	63.0
01_22_2020_14_57_46	262144	1	16	60000	59984307	5892	0	0	65.0
01_22_2020_14_58_02	262144	1	32	60000	6507672	1190	0	0	85.0
01_22_2020_14_58_23	262144	1	64	60000	5394132	524	0	0	121.0
01_22_2020_14_58_55	262144	1	128	60000	5449942	491	0	0	194.0
01_22_2020_14_59_22	370727	1	4	60000	14410681	4244	0	0	61.0
01_22_2020_14_59_43	370727	1	8	60000	13195102	2639	0	0	63.0
01_22_2020_14_59_54	370727	1	16	60000	9229414	1781	0	0	69.0
01_22_2020_15_00_26	370727	1	32	60000	8769582	1192	0	0	80.0
01_22_2020_15_00_42	370727	1	64	60000	5522272	680	0	0	123.0
01_22_2020_15_00_52	370727	1	128	60000	5521297	385	0	0	199.0
01_22_2020_15_01_02	524288	1	4	60000	20062239	6299	0	0	60.0
01_22_2020_15_01_12	524288	1	8	60000	59197429	6257	0	0	63.0
01_22_2020_15_01_22	524288	1	16	60000	59159739	5766	0	0	65.0
01_22_2020_15_01_33	524288	1	32	60000	8501374	1263	0	0	85.0
01_22_2020_15_01_43	524288	1	64	60000	5389146	586	0	0	122.0
01_22_2020_15_01_54	524288	1	128	60000	5400312	533	0	0	197.0
01_22_2020_15_02_32	741455	1	4	60000	8883360	2989	0	0	62.0
01_22_2020_15_02_42	741455	1	8	60000	10158583	2414	0	0	63.0
01_22_2020_15_02_52	741455	1	16	60000	8936145	1340	0	0	65.0
01_22_2020_15_03_30	741455	1	32	60000	5591308	1043	0	0	86.0
01_22_2020_15_03_46	741455	1	64	60000	5524817	738	0	0	124.0
01_22_2020_15_04_07	741455	1	128	60000	5542942	431	0	0	201.0
01_22_2020_15_04_17	1048576	1	4	60000	10300266	1750	0	0	62.0
01_22_2020_15_04_28	1048576	1	8	60000	8123573	2135	0	0	63.0
01_22_2020_15_04_38	1048576	1	16	60000	5870571	1426	0	0	68.0
01_22_2020_15_04_49	1048576	1	32	60000	5799573	874	0	0	73.0
01_22_2020_15_04_59	1048576	1	64	60000	5453608	630	0	0	122.0
01_22_2020_15_05_09	1048576	1	128	60000	5412231	378	0	0	198.0
01_22_2020_15_05_20	8	5	4	60000	59968596	10425	168	4	48.6
01_22_2020_15_05_52	8	5	8	60000	26077984	3529	47	4	50.0
01_22_2020_15_06_03	8	5	16	60000	14496938	642	13	4	53.4
01_22_2020_15_06_35	8	5	32	60000	9384010	1	0	4	60.0
01_22_2020_15_06_47	8	5	64	60000	9441130	0	0	4	60.0
01_22_2020_15_06_56	8	5	128	60000	9426288	0	0	4	60.0
01_22_2020_15_07_12	11	5	4	60000	59999978	12082	201	4	47.0
01_22_2020_15_07_22	11	5	8	60000	28681914	3771	60	4	48.0
01_22_2020_15_07_32	11	5	16	60000	12853003	895	14	4	52.0
01_22_2020_15_08_32	11	5	32	60000	8285983	6	0	4	58.0
01_22_2020_15_08_59	11	5	64	60000	8283116	0	0	4	58.0
01_22_2020_15_09_09	11	5	128	60000	8256260	0	0	4	58.0
01_22_2020_15_09_42	16	5	4	60000	59999993	21841	189	4	55.8
01_22_2020_15_10_08	16	5	8	60000	27289662	8548	62	4	57.2
01_22_2020_15_10_19	16	5	16	60000	12969069	1753	9	4	59.0
01_22_2020_15_10_56	16	5	32	60000	8729809	0	0	4	62.0
01_22_2020_15_11_07	16	5	64	60000	8784643	0	0	4	62.0
01_22_2020_15_11_34	16	5	128	60000	8742332	0	0	4	62.0
01_22_2020_15_11_50	22	5	4	60000	36915786	49115	89	4	44.0
01_22_2020_15_12_00	22	5	8	60000	45242902	24194	109	4	47.0
01_22_2020_15_12_10	22	5	16	60000	12806390	3695	17	4	51.2
01_22_2020_15_12_26	22	5	32	60000	8072272	19	0	4	60.0
01_22_2020_15_12_37	22	5	64	60000	8060893	0	0	4	60.0
01_22_2020_15_12_52	22	5	128	60000	8078692	0	0	4	60.0
01_22_2020_15_13_03	32	5	4	60000	35208245	35886	87	4	41.6
01_22_2020_15_13_13	32	5	8	60000	33657358	9153	73	4	46.0
01_22_2020_15_13_29	32	5	16	60000	21223072	1946	40	4	48.8
01_22_2020_15_14_07	32	5	32	60000	8688787	319	3	4	57.4
01_22_2020_15_14_17	32	5	64	60000	7207462	0	0	4	59.0
01_22_2020_15_14_50	32	5	128	60000	7181722	0	0	4	59.2
01_22_2020_15_15_00	45	5	4	60000	59874616	39842	180	4	46.2
01_22_2020_15_15_10	45	5	8	60000	29999352	17266	58	4	58.0
01_22_2020_15_15_20	45	5	16	60000	20303240	1956	48	4	63.4
01_22_2020_15_15_31	45	5	32	60000	12361566	989	17	4	71.8
01_22_2020_15_15_42	45	5	64	60000	6733754	0	0	4	80.2
01_22_2020_15_16_30	45	5	128	60000	6760488	0	0	4	80.2
01_22_2020_15_16_42	64	5	4	60000	44808613	28626	73	4	43.8
01_22_2020_15_16_50	64	5	8	60000	26318931	8758	62	4	51.0
01_22_2020_15_17_01	64	5	16	60000	23649126	3273	46	4	59.0
01_22_2020_15_17_12	64	5	32	60000	14173729	2387	17	4	82.0
01_22_2020_15_17_22	64	5	64	60000	7529288	20	0	4	105.8
01_22_2020_15_17_38	64	5	128	60000	7491436	0	0	4	106.0
01_22_2020_15_18_58	90	5	4	60000	28761295	42363	43	4	47.0
01_22_2020_15_19_11	90	5	8	60000	21067995	32773	37	4	56.0
01_22_2020_15_19_27	90	5	16	60000	16393459	10494	34	4	65.0
01_22_2020_15_19_47	90	5	32	60000	10689169	1126	8	4	74.6
01_22_2020_15_19_59	90	5	64	60000	8717944	4	0	4	82.0
01_22_2020_15_20_33	90	5	128	60000	8718266	0	0	4	82.6
01_22_2020_15_21_38	128	5	4	60000	33271589	36128	49	4	44.0
01_22_2020_15_21_47	128	5	8	60000	24445480	17729	43	4	53.8
01_22_2020_15_21_58	128	5	16	60000	18642557	13001	32	4	70.4
01_22_2020_15_22_09	128	5	32	60000	11551585	8773	10	4	92.0
01_22_2020_15_22_18	128	5	64	60000	6993506	944	0	4	108.8
01_22_2020_15_23_13	128	5	128	60000	6819907	0	0	4	109.2
01_22_2020_15_23_29	181	5	4	60000	29961805	40459	44	4	44.0
01_22_2020_15_23_50	181	5	8	60000	22392772	35820	23	4	61.2
01_22_2020_15_24_17	181	5	16	60000	16222349	28049	16	4	78.0
01_22_2020_15_25_07	181	5	32	60000	10020732	20422	6	4	94.8
01_22_2020_15_25_16	181	5	64	60000	7620135	2024	1	4	107.6
01_22_2020_15_25_26	181	5	128	60000	6470863	55	0	4	108.8
01_22_2020_15_25_47	256	5	4	60000	42602308	42996	63	4	44.0
01_22_2020_15_25_59	256	5	8	60000	23811251	14259	58	4	53.6
01_22_2020_15_26_58	256	5	16	60000	19053963	13153	29	4	68.4
01_22_2020_15_27_30	256	5	32	60000	11955795	11187	10	4	91.6
01_22_2020_15_27_41	256	5	64	60000	8964769	2024	4	4	101.6
01_22_2020_15_27_51	256	5	128	60000	6086480	5	0	4	114.6
01_22_2020_15_28_03	362	5	4	60000	26464045	66064	32	4	44.0
01_22_2020_15_28_29	362	5	8	60000	22213808	42681	27	4	60.0
01_22_2020_15_28_56	362	5	16	60000	16767940	22042	25	4	75.8
01_22_2020_15_29_28	362	5	32	60000	11407097	22287	13	4	94.2
01_22_2020_15_30_06	362	5	64	60000	7670637	3068	5	4	105.6
01_22_2020_15_30_17	362	5	128	60000	5631415	22	0	4	131.0
01_22_2020_15_30_44	512	5	4	60000	59999995	39839	204	4	46.0
01_22_2020_15_31_10	512	5	8	60000	23113773	16837	55	4	53.8
01_22_2020_15_31_26	512	5	16	60000	18533428	5518	36	4	65.0
01_22_2020_15_31_36	512	5	32	60000	12611825	8745	11	4	85.2
01_22_2020_15_31_53	512	5	64	60000	8141506	4414	8	4	103.4
01_22_2020_15_32_19	512	5	128	60000	6320209	701	0	4	144.0
01_22_2020_15_32_29	724	5	4	60000	31910956	54509	47	4	45.0
01_22_2020_15_32_40	724	5	8	60000	18651649	53912	37	4	57.0
01_22_2020_15_32_50	724	5	16	60000	16575684	26020	28	4	71.8
01_22_2020_15_33_01	724	5	32	60000	12216229	7873	22	4	84.0
01_22_2020_15_33_11	724	5	64	60000	8209075	3174	5	4	99.0
01_22_2020_15_34_17	724	5	128	60000	7539014	188	3	5	132.2
01_22_2020_15_34_49	1024	5	4	60000	31731207	84139	52	4	48.0
01_22_2020_15_34_59	1024	5	8	60000	24184636	61364	51	4	56.8
01_22_2020_15_35_09	1024	5	16	60000	16401234	11796	32	4	68.0
01_22_2020_15_35_19	1024	5	32	60000	12833283	6299	25	4	78.2
01_22_2020_15_35_30	1024	5	64	60000	7890188	3194	6	4	98.6
01_22_2020_15_35_40	1024	5	128	60000	5714749	2142	2	4	165.4
01_22_2020_15_35_51	1448	5	4	60000	46018989	87455	106	4	47.6
01_22_2020_15_36_01	1448	5	8	60000	18828252	54426	24	4	59.0
01_22_2020_15_36_11	1448	5	16	60000	13546395	38513	23	4	70.0
01_22_2020_15_36_22	1448	5	32	60000	11248178	24300	21	4	86.8
01_22_2020_15_36_32	1448	5	64	60000	7318072	8470	10	4	101.4
01_22_2020_15_36_43	1448	5	128	60000	5798118	2650	5	4	152.6
01_22_2020_15_37_21	2048	5	4	60000	59910229	55325	202	4	49.0
01_22_2020_15_37_31	2048	5	8	60000	59999996	57989	209	4	58.0
01_22_2020_15_37_41	2048	5	16	60000	14729171	37603	21	4	66.8
01_22_2020_15_37_52	2048	5	32	60000	11212289	9756	19	4	78.0
01_22_2020_15_38_02	2048	5	64	60000	8264258	6275	12	4	92.4
01_22_2020_15_38_13	2048	5	128	60000	5698721	3371	4	4	157.0
01_22_2020_15_39_36	2896	5	4	60000	59998604	35085	225	5	50.6
01_22_2020_15_39_52	2896	5	8	60000	59907772	46655	223	4	58.4
01_22_2020_15_40_12	2896	5	16	60000	12122193	55026	30	4	67.2
01_22_2020_15_40_23	2896	5	32	60000	11806027	21454	28	4	80.4
01_22_2020_15_40_38	2896	5	64	60000	6497924	13545	11	4	95.2
01_22_2020_15_40_49	2896	5	128	60000	5500469	6494	3	4	169.0
01_22_2020_15_41_16	4096	5	4	60000	59560860	18582	222	4	53.0
01_22_2020_15_42_05	4096	5	8	60000	59999987	16554	228	4	56.0
01_22_2020_15_42_15	4096	5	16	60000	59839840	44936	209	5	69.0
01_22_2020_15_42_25	4096	5	32	60000	9643266	23423	20	4	77.4
01_22_2020_15_42_36	4096	5	64	60000	6809994	12811	13	4	95.0
01_22_2020_15_43_26	4096	5	128	60000	5580451	8106	4	4	163.6
01_22_2020_15_43_58	5792	5	4	60000	59783093	23097	207	4	56.4
01_22_2020_15_44_07	5792	5	8	60000	59842099	25375	221	4	60.4
01_22_2020_15_44_18	5792	5	16	60000	59529297	17873	232	4	58.8
01_22_2020_15_44_29	5792	5	32	60000	8499129	28395	15	4	78.6
01_22_2020_15_44_39	5792	5	64	60000	7444569	6962	10	4	85.8
01_22_2020_15_44_49	5792	5	128	60000	5546281	5515	6	4	154.2
01_22_2020_15_45_00	8192	5	4	60000	59679830	18120	120	4	51.2
01_22_2020_15_45_10	8192	5	8	60000	59975985	30744	229	4	60.0
01_22_2020_15_45_20	8192	5	16	60000	59999988	26492	231	4	67.0
01_22_2020_15_45_31	8192	5	32	60000	59992332	25311	230	4	77.2
01_22_2020_15_46_44	8192	5	64	60000	6676469	10414	10	4	103.6
01_22_2020_15_46_52	8192	5	128	60000	6136245	5229	7	4	149.0
01_22_2020_15_47_08	11585	5	4	60000	59817934	27768	172	4	56.4
01_22_2020_15_47_19	11585	5	8	60000	59446923	24010	202	4	62.0
01_22_2020_15_47_29	11585	5	16	60000	49450962	16355	176	4	68.2
01_22_2020_15_47_57	11585	5	32	60000	20932763	12268	58	4	83.4
01_22_2020_15_48_07	11585	5	64	60000	7049435	13710	6	4	104.0
01_22_2020_15_48_18	11585	5	128	60000	6840089	3690	6	4	146.4
01_22_2020_15_48_33	16384	5	4	60000	41734362	18757	143	4	60.6
01_22_2020_15_48_43	16384	5	8	60000	54059141	27633	203	4	62.0
01_22_2020_15_48_53	16384	5	16	60000	50782209	18387	183	4	62.6
01_22_2020_15_49_04	16384	5	32	60000	21159689	11730	68	4	83.4
01_22_2020_15_49_14	16384	5	64	60000	6678447	4198	10	4	113.8
01_22_2020_15_49_25	16384	5	128	60000	5562820	2867	6	4	158.2
01_22_2020_15_49_35	23170	5	4	60000	38134767	19094	134	4	61.4
01_22_2020_15_49_45	23170	5	8	60000	42080026	17115	149	4	62.4
01_22_2020_15_49_55	23170	5	16	60000	25556282	9062	77	4	67.4
01_22_2020_15_50_06	23170	5	32	60000	34793278	13329	120	4	72.6
01_22_2020_15_50_16	23170	5	64	60000	7161099	7168	7	4	120.0
01_22_2020_15_50_59	23170	5	128	60000	5833750	4564	8	4	185.0
01_22_2020_15_51_09	32768	5	4	60000	27687741	12373	71	4	58.8
01_22_2020_15_51_19	32768	5	8	60000	20281821	8072	59	4	62.6
01_22_2020_15_51_30	32768	5	16	60000	20138597	8129	67	4	65.6
01_22_2020_15_51_40	32768	5	32	60000	18838254	7578	56	4	79.4
01_22_2020_15_53_36	32768	5	64	60000	6580504	3293	8	4	121.4
01_22_2020_15_53_45	32768	5	128	60000	5493608	3464	6	4	206.4
01_22_2020_15_53_55	46340	5	4	60000	34868916	15784	111	4	60.8
01_22_2020_15_54_06	46340	5	8	60000	38297847	15183	122	4	62.6
01_22_2020_15_54_16	46340	5	16	60000	17526973	7359	43	5	69.4
01_22_2020_15_54_27	46340	5	32	60000	29400235	9026	62	4	80.8
01_22_2020_15_54_37	46340	5	64	60000	6861011	4767	11	4	129.6
01_22_2020_15_54_59	46340	5	128	60000	5464261	3277	5	4	207.8
01_22_2020_15_55_37	65536	5	4	60000	16382814	7879	48	4	61.2
01_22_2020_15_55_47	65536	5	8	60000	17425610	8263	53	4	63.0
01_22_2020_15_56_31	65536	5	16	60000	15472158	6569	49	4	65.8
01_22_2020_15_57_19	65536	5	32	60000	10587645	4856	22	5	85.2
01_22_2020_15_58_03	65536	5	64	60000	5611266	3485	7	4	126.4
01_22_2020_15_58_19	65536	5	128	60000	6418285	1807	5	4	198.4
01_22_2020_15_58_29	92681	5	4	60000	23618000	8490	42	4	60.0
01_22_2020_15_58_51	92681	5	8	60000	9760244	5306	28	4	62.8
01_22_2020_16_00_47	92681	5	16	60000	8489696	4356	15	5	69.0
01_22_2020_16_00_57	92681	5	32	60000	7301035	2146	5	5	86.8
01_22_2020_16_01_13	92681	5	64	60000	6400284	3245	5	4	131.2
01_22_2020_16_02_07	92681	5	128	60000	5462650	2316	3	4	213.8
01_22_2020_16_02_23	131072	5	4	60000	12874823	9402	27	4	60.0
01_22_2020_16_02_33	131072	5	8	60000	14747177	6624	35	4	62.8
01_22_2020_16_02_44	131072	5	16	60000	9216189	4913	19	4	69.6
01_22_2020_16_03_16	131072	5	32	60000	9145509	2789	18	4	84.0
01_22_2020_16_03_26	131072	5	64	60000	6168170	2877	3	4	128.4
01_22_2020_16_03_36	131072	5	128	60000	5482722	1894	5	4	214.8
01_22_2020_16_03_47	185363	5	4	60000	10041449	7167	27	4	61.0
01_22_2020_16_03_58	185363	5	8	60000	11764666	6828	27	4	62.4
01_22_2020_16_04_09	185363	5	16	60000	9658459	4463	11	4	69.6
01_22_2020_16_04_24	185363	5	32	60000	9997457	3116	12	4	86.6
01_22_2020_16_05_36	185363	5	64	60000	6591629	2575	7	4	128.2
01_22_2020_16_05_56	185363	5	128	60000	6605767	1879	7	4	216.4
01_22_2020_16_06_11	262144	5	4	60000	14128514	9357	32	4	60.0
01_22_2020_16_06_22	262144	5	8	60000	16985308	5509	31	4	62.6
01_22_2020_16_06_33	262144	5	16	60000	13280769	5169	20	4	69.8
01_22_2020_16_06_43	262144	5	32	60000	8144307	2510	10	4	88.6
01_22_2020_16_06_53	262144	5	64	60000	5509311	2816	7	4	129.2
01_22_2020_16_07_03	262144	5	128	60000	5761493	1407	4	4	218.6
01_22_2020_16_07_13	370727	5	4	60000	9310970	8371	13	4	60.2
01_22_2020_16_07_58	370727	5	8	60000	10038054	4855	20	4	63.0
01_22_2020_16_08_30	370727	5	16	60000	7140655	3442	6	4	70.0
01_22_2020_16_08_40	370727	5	32	60000	5787413	1989	8	4	83.6
01_22_2020_16_08_51	370727	5	64	60000	5790119	2028	5	4	126.2
01_22_2020_16_09_01	370727	5	128	60000	5552383	1164	1	5	208.4
01_22_2020_16_09_11	524288	5	4	60000	14101000	8368	21	4	60.2
01_22_2020_16_09_27	524288	5	8	60000	9906712	6315	17	4	63.4
01_22_2020_16_09_38	524288	5	16	60000	14079306	4279	15	4	69.0
01_22_2020_16_10_00	524288	5	32	60000	8305487	1918	10	4	86.4
01_22_2020_16_10_21	524288	5	64	60000	5446492	1863	5	4	126.0
01_22_2020_16_10_31	524288	5	128	60000	5353295	1771	4	4	215.4
01_22_2020_16_11_09	741455	5	4	60000	7253090	10241	11	4	60.4
01_22_2020_16_12_20	741455	5	8	60000	7474042	6442	10	4	63.4
01_22_2020_16_13_09	741455	5	16	60000	7124424	3827	6	4	69.6
01_22_2020_16_13_19	741455	5	32	60000	5922286	2752	8	4	80.8
01_22_2020_16_13_30	741455	5	64	60000	5765566	1720	6	4	116.2
01_22_2020_16_14_19	741455	5	128	60000	5546419	1746	5	4	201.2
01_22_2020_16_14_57	1048576	5	4	60000	7403049	19318	8	4	58.4
01_22_2020_16_15_45	1048576	5	8	60000	9582229	11390	7	4	62.4
01_22_2020_16_15_55	1048576	5	16	60000	6227784	5503	6	4	69.8
01_22_2020_16_16_39	1048576	5	32	60000	5888236	2828	2	5	88.6
01_22_2020_16_17_11	1048576	5	64	60000	5789106	1942	3	5	128.0
01_22_2020_16_17_32	1048576	5	128	60000	5392756	1120	3	4	202.0
01_22_2020_16_17_43	8	10	4	60000	59970634	16333	380	9	48.7
01_22_2020_16_18_10	8	10	8	60000	22982934	5337	100	9	50.0
01_22_2020_16_18_20	8	10	16	60000	12944293	1774	43	9	54.5
01_22_2020_16_18_31	8	10	32	60000	9774310	698	12	9	65.8
01_22_2020_16_19_08	8	10	64	60000	7798300	64	0	9	110.6
01_22_2020_16_19_25	8	10	128	60000	7810259	0	0	9	110.4
01_22_2020_16_19_35	11	10	4	60000	59999989	22947	442	9	47.2
01_22_2020_16_20_01	11	10	8	60000	26468064	7666	142	9	48.3
01_22_2020_16_20_39	11	10	16	60000	12264782	2271	43	9	52.2
01_22_2020_16_20_55	11	10	32	60000	8671009	776	19	9	60.9
01_22_2020_16_21_07	11	10	64	60000	7306980	138	3	9	93.7
01_22_2020_16_21_16	11	10	128	60000	6950601	0	0	9	103.2
01_22_2020_16_21_27	16	10	4	60000	59999971	33691	409	9	55.9
01_22_2020_16_21_37	16	10	8	60000	26398367	10728	132	9	57.3
01_22_2020_16_21_47	16	10	16	60000	12724912	2801	42	9	59.4
01_22_2020_16_21_57	16	10	32	60000	7859913	644	8	9	66.7
01_22_2020_16_22_07	16	10	64	60000	6655800	0	0	9	84.0
01_22_2020_16_22_46	16	10	128	60000	6650607	0	0	9	83.9
01_22_2020_16_23_34	22	10	4	60000	35294728	49728	173	9	44.0
01_22_2020_16_23_44	22	10	8	60000	30192690	26255	140	9	47.0
01_22_2020_16_23_54	22	10	16	60000	13925561	6287	54	9	51.7
01_22_2020_16_24_05	22	10	32	60000	7674157	577	10	9	62.4
01_22_2020_16_24_15	22	10	64	60000	6361204	0	0	9	77.2
01_22_2020_16_24_25	22	10	128	60000	6357976	0	0	9	77.5
01_22_2020_16_24_36	32	10	4	60000	37364615	36876	183	9	41.5
01_22_2020_16_25_14	32	10	8	60000	25855374	12979	150	9	46.2
01_22_2020_16_25_24	32	10	16	60000	20715481	3385	94	9	49.6
01_22_2020_16_25_35	32	10	32	60000	8144073	1570	21	9	58.3
01_22_2020_16_25_45	32	10	64	60000	6303757	66	1	9	80.4
01_22_2020_16_27_08	32	10	128	60000	6047849	0	0	9	83.0
01_22_2020_16_27_28	45	10	4	60000	53889640	45500	297	9	47.0
01_22_2020_16_28_12	45	10	8	60000	26354631	19592	132	9	58.6
01_22_2020_16_28_49	45	10	16	60000	20878858	3042	92	9	64.0
01_22_2020_16_29_00	45	10	32	60000	13426755	2362	47	9	72.6
01_22_2020_16_29_27	45	10	64	60000	6691500	276	8	9	85.6
01_22_2020_16_29_37	45	10	128	60000	5914815	0	0	9	99.0
01_22_2020_16_30_44	64	10	4	60000	37215448	30608	194	9	43.8
01_22_2020_16_30_54	64	10	8	60000	27652258	15236	143	9	51.9
01_22_2020_16_31_03	64	10	16	60000	23709448	5890	118	10	62.2
01_22_2020_16_32_04	64	10	32	60000	14014634	5321	55	9	85.5
01_22_2020_16_32_36	64	10	64	60000	7045377	1263	12	9	107.5
01_22_2020_16_32_52	64	10	128	60000	5984529	0	0	9	117.6
01_22_2020_16_33_03	90	10	4	60000	28884321	46452	121	10	47.0
01_22_2020_16_33_12	90	10	8	60000	20884445	38903	97	9	56.3
01_22_2020_16_33_23	90	10	16	60000	15190810	18071	61	10	66.0
01_22_2020_16_33_33	90	10	32	60000	10134475	2458	29	9	76.3
01_22_2020_16_33_43	90	10	64	60000	7793122	1181	9	9	94.1
01_22_2020_16_34_32	90	10	128	60000	5814967	0	0	9	122.6
01_22_2020_16_34_42	128	10	4	60000	31363668	41259	140	9	44.0
01_22_2020_16_34_58	128	10	8	60000	25620590	23081	107	9	54.9
01_22_2020_16_35_08	128	10	16	60000	17795133	20013	78	9	73.4
01_22_2020_16_35_35	128	10	32	60000	11599368	13615	39	9	93.2
01_22_2020_16_35_46	128	10	64	60000	7340370	4785	11	9	106.9
01_22_2020_16_36_03	128	10	128	60000	5655419	50	0	9	152.6
01_22_2020_16_36_23	181	10	4	60000	29799682	43451	100	9	44.9
01_22_2020_16_36_39	181	10	8	60000	22801517	39867	63	10	61.7
01_22_2020_16_37_05	181	10	16	60000	16257249	31431	43	10	78.2
01_22_2020_16_37_27	181	10	32	60000	10080486	24340	18	11	95.0
01_22_2020_16_37_37	181	10	64	60000	6692657	4277	13	9	107.3
01_22_2020_16_38_10	181	10	128	60000	5687386	1073	1	9	171.5
01_22_2020_16_38_42	256	10	4	60000	40443343	44973	169	10	44.0
01_22_2020_16_39_10	256	10	8	60000	25675754	17900	130	9	54.0
01_22_2020_16_39_24	256	10	16	60000	19483299	18446	85	9	70.6
01_22_2020_16_39_46	256	10	32	60000	12272187	15058	38	9	93.7
01_22_2020_16_40_46	256	10	64	60000	7246446	6477	19	9	107.9
01_22_2020_16_40_56	256	10	128	60000	6414066	2156	3	9	174.0
01_22_2020_16_41_17	362	10	4	60000	25871233	70395	93	9	44.0
01_22_2020_16_42_24	362	10	8	60000	23422757	49179	95	10	60.0
01_22_2020_16_42_33	362	10	16	60000	16687245	30704	57	9	76.4
01_22_2020_16_42_54	362	10	32	60000	10673048	28125	39	9	94.6
01_22_2020_16_45_29	362	10	64	60000	7344729	5347	18	10	107.7
01_22_2020_16_45_39	362	10	128	60000	5895381	4172	6	9	174.3
01_22_2020_16_45_49	512	10	4	60000	59962375	61814	430	10	46.0
01_22_2020_16_45_59	512	10	8	60000	22757404	18418	107	9	54.0
01_22_2020_16_46_10	512	10	16	60000	18451629	9458	101	9	65.9
01_22_2020_16_47_16	512	10	32	60000	12696311	12484	44	10	88.0
01_22_2020_16_47_25	512	10	64	60000	7945122	6826	27	9	104.5
01_22_2020_16_47_35	512	10	128	60000	5917478	3277	10	9	165.0
01_22_2020_16_47_46	724	10	4	60000	30023464	64647	110	10	45.0
01_22_2020_16_47_57	724	10	8	60000	19660141	56218	83	9	57.0
01_22_2020_16_48_12	724	10	16	60000	16198715	30030	84	9	71.7
01_22_2020_16_48_33	724	10	32	60000	11434098	11073	63	9	85.3
01_22_2020_16_48_43	724	10	64	60000	7859178	7456	23	9	103.5
01_22_2020_16_48_54	724	10	128	60000	6589417	5430	11	9	170.3
01_22_2020_16_49_10	1024	10	4	60000	27981606	86581	102	9	47.7
01_22_2020_16_49_20	1024	10	8	60000	26215918	62097	108	9	56.9
01_22_2020_16_49_30	1024	10	16	60000	16584340	14778	83	10	67.9
01_22_2020_16_49_41	1024	10	32	60000	12643043	13621	59	9	81.8
01_22_2020_16_49_51	1024	10	64	60000	7773181	7681	24	11	100.0
01_22_2020_16_50_01	1024	10	128	60000	5991498	6938	14	9	166.5
01_22_2020_16_50_12	1448	10	4	60000	36218276	93423	150	9	48.0
01_22_2020_16_50_22	1448	10	8	60000	19109555	65186	63	9	58.7
01_22_2020_16_50_33	1448	10	16	60000	15202638	44130	51	9	70.0
01_22_2020_16_50_43	1448	10	32	60000	10683508	23013	44	9	86.6
01_22_2020_16_50_53	1448	10	64	60000	6985274	11947	25	9	102.8
01_22_2020_16_51_04	1448	10	128	60000	5918549	6361	13	9	166.4
01_22_2020_16_51_36	2048	10	4	60000	59779023	92930	385	9	49.0
01_22_2020_16_52_08	2048	10	8	60000	51703919	76614	328	9	58.0
01_22_2020_16_52_19	2048	10	16	60000	15485063	41579	77	10	67.1
01_22_2020_16_52_29	2048	10	32	60000	11462148	16103	49	9	78.2
01_22_2020_16_52_40	2048	10	64	60000	7517071	10330	25	10	96.0
01_22_2020_16_52_55	2048	10	128	60000	5790620	6348	16	9	158.6
01_22_2020_16_53_06	2896	10	4	60000	59983725	62712	506	10	50.7
01_22_2020_16_53_16	2896	10	8	60000	59994568	70268	403	9	58.2
01_22_2020_16_53_37	2896	10	16	60000	12295058	55549	51	10	67.0
01_22_2020_16_54_26	2896	10	32	60000	10889803	23634	48	9	80.1
01_22_2020_16_54_42	2896	10	64	60000	7176603	15499	25	9	96.5
01_22_2020_16_54_58	2896	10	128	60000	6044868	8716	13	10	165.6
01_22_2020_16_55_09	4096	10	4	60000	59971097	37570	494	9	53.0
01_22_2020_16_56_02	4096	10	8	60000	59970524	33118	502	9	55.9
01_22_2020_16_56_40	4096	10	16	60000	45518807	47236	280	9	68.9
01_22_2020_16_57_34	4096	10	32	60000	11021473	23474	41	10	77.4
01_22_2020_16_58_34	4096	10	64	60000	9037270	12635	36	9	95.3
01_22_2020_16_59_01	4096	10	128	60000	6006392	9953	21	9	159.3
01_22_2020_16_59_16	5792	10	4	60000	59759876	41668	439	10	56.2
01_22_2020_17_00_22	5792	10	8	60000	59899834	46637	490	9	60.4
01_22_2020_17_00_38	5792	10	16	60000	59830155	36176	521	9	57.6
01_22_2020_17_00_48	5792	10	32	60000	10826631	28007	34	9	78.9
01_22_2020_17_00_58	5792	10	64	60000	7522284	14035	29	10	96.8
01_22_2020_17_01_09	5792	10	128	60000	5646326	11147	17	10	164.6
01_22_2020_17_01_19	8192	10	4	60000	59946980	35452	273	9	50.9
01_22_2020_17_01_29	8192	10	8	60000	48945443	47447	401	9	60.0
01_22_2020_17_01_51	8192	10	16	60000	43881997	37149	372	9	67.7
01_22_2020_17_02_02	8192	10	32	60000	35588122	26890	277	9	78.1
01_22_2020_17_02_12	8192	10	64	60000	7316058	11037	29	9	103.4
01_22_2020_17_02_22	8192	10	128	60000	6212277	8564	20	9	168.7
01_22_2020_17_02_32	11585	10	4	60000	42740695	30496	225	10	56.7
01_22_2020_17_02_43	11585	10	8	60000	32770752	24762	231	9	61.8
01_22_2020_17_03_04	11585	10	16	60000	28954384	17030	197	9	68.1
01_22_2020_17_03_32	11585	10	32	60000	14270285	12629	59	9	84.5
01_22_2020_17_03_42	11585	10	64	60000	8421340	12151	28	9	114.0
01_22_2020_17_03_52	11585	10	128	60000	6701147	7269	21	9	176.1
01_22_2020_17_04_04	16384	10	4	60000	26136586	19714	180	10	60.4
01_22_2020_17_04_19	16384	10	8	60000	28667130	26158	219	9	62.0
01_22_2020_17_04_29	16384	10	16	60000	27455240	18223	202	10	63.5
01_22_2020_17_04_39	16384	10	32	60000	14048545	12254	77	9	85.0
01_22_2020_17_04_50	16384	10	64	60000	8211521	6908	27	9	118.8
01_22_2020_17_05_02	16384	10	128	60000	5839970	5981	18	9	193.5
01_22_2020_17_06_00	23170	10	4	60000	22558098	18950	156	10	60.6
01_22_2020_17_06_10	23170	10	8	60000	23441709	16487	159	10	62.7
01_22_2020_17_06_53	23170	10	16	60000	16909747	10652	92	9	68.6
01_22_2020_17_07_04	23170	10	32	60000	21444354	12804	131	10	74.8
01_22_2020_17_07_25	23170	10	64	60000	6805736	7894	25	9	124.8
01_22_2020_17_07_37	23170	10	128	60000	6704515	4716	17	10	191.1
01_22_2020_17_08_30	32768	10	4	60000	20206269	13262	81	10	58.9
01_22_2020_17_08_42	32768	10	8	60000	14514117	10113	69	10	62.4
01_22_2020_17_09_02	32768	10	16	60000	14120334	9100	76	9	67.1
01_22_2020_17_09_24	32768	10	32	60000	11948610	7469	61	9	82.9
01_22_2020_17_10_30	32768	10	64	60000	6183877	4669	17	10	123.8
01_22_2020_17_10_39	32768	10	128	60000	5553518	4612	15	9	209.7
01_22_2020_17_10_49	46340	10	4	60000	19581237	15065	101	10	60.2
01_22_2020_17_11_00	46340	10	8	60000	20691641	12066	88	9	62.9
01_22_2020_17_12_18	46340	10	16	60000	15728113	8565	69	9	68.8
01_22_2020_17_12_27	46340	10	32	60000	11888506	7643	45	11	87.1
01_22_2020_17_13_27	46340	10	64	60000	6580944	4203	15	11	126.2
01_22_2020_17_13_42	46340	10	128	60000	6300625	3862	9	11	213.3
01_22_2020_17_15_24	65536	10	4	60000	12306497	10443	68	9	60.9
01_22_2020_17_15_36	65536	10	8	60000	12563621	9423	64	10	62.9
01_22_2020_17_15_46	65536	10	16	60000	10488834	6914	50	9	70.1
01_22_2020_17_16_30	65536	10	32	60000	8373819	5334	34	9	86.8
01_22_2020_17_16_41	65536	10	64	60000	6558166	4209	16	9	128.4
01_22_2020_17_16_52	65536	10	128	60000	6257506	3502	12	9	211.6
01_22_2020_17_17_35	92681	10	4	60000	12914499	9206	49	9	60.2
01_22_2020_17_18_29	92681	10	8	60000	11198696	7174	45	9	62.8
01_22_2020_17_18_44	92681	10	16	60000	8778937	5527	33	10	69.7
01_22_2020_17_18_57	92681	10	32	60000	8799087	4823	22	10	89.0
01_22_2020_17_19_22	92681	10	64	60000	6009048	4000	12	10	130.6
01_22_2020_17_19_32	92681	10	128	60000	5941484	4421	10	10	217.3
01_22_2020_17_19_43	131072	10	4	60000	11848756	8822	53	9	60.5
01_22_2020_17_19_53	131072	10	8	60000	9240634	7021	44	9	62.7
01_22_2020_17_20_53	131072	10	16	60000	9740969	6269	31	9	70.4
01_22_2020_17_21_09	131072	10	32	60000	7965829	3940	26	9	85.4
01_22_2020_17_21_54	131072	10	64	60000	5509779	3162	13	10	130.9
01_22_2020_17_22_02	131072	10	128	60000	5806161	3339	13	10	209.7
01_22_2020_17_22_12	185363	10	4	60000	8545742	11660	28	9	60.0
01_22_2020_17_22_25	185363	10	8	60000	9255319	7654	36	9	62.8
01_22_2020_17_22_50	185363	10	16	60000	13353171	4745	23	12	69.4
01_22_2020_17_23_23	185363	10	32	60000	8064686	4772	27	10	87.7
01_22_2020_17_23_44	185363	10	64	60000	5932939	4854	16	9	133.8
01_22_2020_17_24_16	185363	10	128	60000	5945108	3697	12	9	217.7
01_22_2020_17_24_56	262144	10	4	60000	10696936	10847	31	9	59.9
01_22_2020_17_25_10	262144	10	8	60000	8578618	7321	34	9	62.9
01_22_2020_17_25_32	262144	10	16	60000	10658592	6070	37	9	69.5
01_22_2020_17_25_42	262144	10	32	60000	8389754	3617	24	11	87.8
01_22_2020_17_25_53	262144	10	64	60000	5785711	3921	14	9	131.2
01_22_2020_17_27_00	262144	10	128	60000	5655780	3292	11	10	223.0
01_22_2020_17_27_30	370727	10	4	60000	7955457	15620	20	10	59.4
01_22_2020_17_27_40	370727	10	8	60000	7784300	8358	29	9	62.8
01_22_2020_17_27_51	370727	10	16	60000	7571746	5994	21	10	70.9
01_22_2020_17_28_01	370727	10	32	60000	6531517	3761	15	11	89.7
01_22_2020_17_28_23	370727	10	64	60000	6531679	3553	15	9	129.7
01_22_2020_17_29_01	370727	10	128	60000	5979436	2306	9	11	212.6
01_22_2020_17_29_11	524288	10	4	60000	7983634	8259	26	10	60.3
01_22_2020_17_29_55	524288	10	8	60000	10527393	5027	32	9	63.1
01_22_2020_17_30_26	524288	10	16	60000	9891416	4413	27	10	69.3
01_22_2020_17_30_37	524288	10	32	60000	7314771	3841	21	9	87.7
01_22_2020_17_32_17	524288	10	64	60000	6238454	2585	19	9	136.4
01_22_2020_17_32_32	524288	10	128	60000	6268225	3064	11	9	229.2
01_22_2020_17_33_10	741455	10	4	60000	8452779	16860	26	9	59.3
01_22_2020_17_33_27	741455	10	8	60000	10008711	14046	30	9	63.2
01_22_2020_17_33_52	741455	10	16	60000	7061094	4613	14	10	69.7
01_22_2020_17_34_03	741455	10	32	60000	9905560	5173	22	9	92.2
01_22_2020_17_34_36	741455	10	64	60000	7136483	2409	12	11	122.5
01_22_2020_17_35_07	741455	10	128	60000	5547338	2665	13	9	203.2
01_22_2020_17_35_18	1048576	10	4	60000	13600145	30946	24	10	56.0
01_22_2020_17_35_28	1048576	10	8	60000	11377826	19912	30	10	62.6
01_22_2020_17_35_39	1048576	10	16	60000	9598328	11503	24	9	75.2
01_22_2020_17_35_50	1048576	10	32	60000	7813611	6912	22	9	95.5
01_22_2020_17_36_28	1048576	10	64	60000	7605322	5473	15	9	146.1
01_22_2020_17_37_33	1048576	10	128	60000	7203168	2270	10	10	233.0
01_22_2020_17_37_54	8	15	4	60000	59742367	20257	568	14	48.733333333333334
01_22_2020_17_38_10	8	15	8	60000	21592009	7641	159	14	50.13333333333333
01_22_2020_17_38_31	8	15	16	60000	13108792	2771	70	14	54.93333333333333
01_22_2020_17_38_43	8	15	32	60000	9460083	1830	38	14	68.4
01_22_2020_17_38_52	8	15	64	60000	8771513	1205	16	14	113.86666666666666
01_22_2020_17_39_02	8	15	128	60000	7751320	0	0	14	181.2
01_22_2020_17_39_29	11	15	4	60000	59809371	28491	658	14	47.4
01_22_2020_17_39_40	11	15	8	60000	24829281	10472	206	14	48.86666666666667
01_22_2020_17_40_06	11	15	16	60000	12910038	2929	77	14	52.13333333333333
01_22_2020_17_40_44	11	15	32	60000	8645276	1463	34	14	61.8
01_22_2020_17_41_11	11	15	64	60000	7539702	682	18	14	96.93333333333334
01_22_2020_17_42_00	11	15	128	60000	6894643	0	0	14	165.66666666666666
01_22_2020_17_42_21	16	15	4	60000	59710538	38307	537	14	55.93333333333333
01_22_2020_17_42_32	16	15	8	60000	24256917	13297	210	14	57.8
01_22_2020_17_42_42	16	15	16	60000	12535623	4253	68	14	59.666666666666664
01_22_2020_17_42_52	16	15	32	60000	7932264	1113	27	14	67.66666666666667
01_22_2020_17_43_31	16	15	64	60000	7061247	692	8	14	103.86666666666666
01_22_2020_17_43_52	16	15	128	60000	6564065	0	0	14	133.06666666666666
01_22_2020_17_44_02	22	15	4	60000	34527762	50757	295	14	44.0
01_22_2020_17_44_18	22	15	8	60000	31850081	26783	217	14	47.0
01_22_2020_17_44_28	22	15	16	60000	12983024	10366	91	14	52.666666666666664
01_22_2020_17_45_11	22	15	32	60000	7337527	1298	28	14	63.666666666666664
01_22_2020_17_45_22	22	15	64	60000	6543781	582	6	14	94.2
01_22_2020_17_46_55	22	15	128	60000	6213621	0	0	14	119.93333333333334
01_22_2020_17_47_04	32	15	4	60000	34403682	39614	293	14	41.86666666666667
01_22_2020_17_47_15	32	15	8	60000	27725899	15924	235	14	46.666666666666664
01_22_2020_17_48_09	32	15	16	60000	18641760	4823	142	14	50.6
01_22_2020_17_48_19	32	15	32	60000	8279363	2134	38	14	58.266666666666666
01_22_2020_17_48_31	32	15	64	60000	6764623	820	15	14	84.4
01_22_2020_17_49_47	32	15	128	60000	6005371	0	0	14	130.4
01_22_2020_17_49_56	45	15	4	60000	46800356	46448	408	14	47.06666666666667
01_22_2020_17_50_07	45	15	8	60000	24656512	21598	217	14	58.666666666666664
01_22_2020_17_50_33	45	15	16	60000	19324063	4980	143	14	64.86666666666666
01_22_2020_17_50_51	45	15	32	60000	11734299	3774	70	14	73.26666666666667
01_22_2020_17_51_38	45	15	64	60000	6445363	892	16	14	88.66666666666667
01_22_2020_17_51_54	45	15	128	60000	5888524	0	0	14	143.33333333333334
01_22_2020_17_52_10	64	15	4	60000	36489253	32747	294	15	43.86666666666667
01_22_2020_17_52_21	64	15	8	60000	26450229	19730	226	14	52.6
01_22_2020_17_52_31	64	15	16	60000	20236630	8390	175	14	65.06666666666666
01_22_2020_17_53_09	64	15	32	60000	13134998	7605	87	14	87.73333333333333
01_22_2020_17_53_19	64	15	64	60000	7056749	2518	27	14	107.0
01_22_2020_17_53_35	64	15	128	60000	6543037	279	2	14	165.0
01_22_2020_17_53_45	90	15	4	60000	30153489	47893	199	16	47.0
01_22_2020_17_53_55	90	15	8	60000	21221567	42043	150	15	56.733333333333334
01_22_2020_17_54_06	90	15	16	60000	15967604	19995	95	14	66.06666666666666
01_22_2020_17_54_16	90	15	32	60000	9890504	3969	62	14	76.66666666666667
01_22_2020_17_54_43	90	15	64	60000	7205616	2425	24	14	98.73333333333333
01_22_2020_17_55_55	90	15	128	60000	6338887	2210	5	14	169.2
01_22_2020_17_56_04	128	15	4	60000	31828823	45412	196	14	44.0
01_22_2020_17_56_15	128	15	8	60000	24392721	29062	158	14	55.8
01_22_2020_17_56_26	128	15	16	60000	17101158	23198	118	16	74.86666666666666
01_22_2020_17_56_58	128	15	32	60000	12238119	15011	67	15	92.46666666666667
01_22_2020_17_57_08	128	15	64	60000	8188757	5834	26	15	105.13333333333334
01_22_2020_17_57_30	128	15	128	60000	6139613	1530	10	14	164.26666666666668
01_22_2020_17_57_41	181	15	4	60000	30997745	44796	147	17	45.0
01_22_2020_17_57_51	181	15	8	60000	23136520	48248	106	16	61.93333333333333
01_22_2020_17_59_02	181	15	16	60000	16374449	35048	84	14	78.8
01_22_2020_17_59_11	181	15	32	60000	11157164	25772	39	14	94.93333333333334
01_22_2020_17_59_27	181	15	64	60000	6530201	5636	29	14	108.06666666666666
01_22_2020_18_00_40	181	15	128	60000	5802702	2778	12	14	170.13333333333333
01_22_2020_18_00_49	256	15	4	60000	36212831	48636	238	16	44.0
01_22_2020_18_01_04	256	15	8	60000	25208419	21306	204	14	54.06666666666667
01_22_2020_18_02_00	256	15	16	60000	18572059	23550	135	14	72.4
01_22_2020_18_02_20	256	15	32	60000	11791666	18831	64	16	95.13333333333334
01_22_2020_18_03_48	256	15	64	60000	7891451	7332	34	15	105.73333333333333
01_22_2020_18_03_58	256	15	128	60000	6735490	3576	14	14	163.8
01_22_2020_18_04_19	362	15	4	60000	28011341	72569	154	14	44.0
01_22_2020_18_06_15	362	15	8	60000	26984256	54650	138	14	59.93333333333333
01_22_2020_18_06_24	362	15	16	60000	16612501	34729	106	14	76.86666666666666
01_22_2020_18_06_40	362	15	32	60000	10942085	28032	60	15	94.66666666666667
01_22_2020_18_06_55	362	15	64	60000	7121046	8044	37	14	108.4
01_22_2020_18_07_24	362	15	128	60000	5738882	4712	14	14	171.26666666666668
01_22_2020_18_07_33	512	15	4	60000	58700584	69991	562	14	46.0
01_22_2020_18_07_44	512	15	8	60000	22244978	20803	183	14	54.0
01_22_2020_18_08_27	512	15	16	60000	18966461	15209	155	14	66.93333333333334
01_22_2020_18_08_37	512	15	32	60000	11546255	16331	80	14	90.0
01_22_2020_18_08_53	512	15	64	60000	7058845	6184	40	14	108.06666666666666
01_22_2020_18_09_04	512	15	128	60000	6108250	6926	19	14	173.46666666666667
01_22_2020_18_09_13	724	15	4	60000	28079118	71907	166	14	45.0
01_22_2020_18_09_30	724	15	8	60000	19598976	61928	162	14	57.0
01_22_2020_18_10_08	724	15	16	60000	16129276	36460	112	14	71.86666666666666
01_22_2020_18_10_40	724	15	32	60000	11781187	12869	94	14	85.2
01_22_2020_18_11_12	724	15	64	60000	7579894	9224	42	14	103.73333333333333
01_22_2020_18_11_23	724	15	128	60000	5925203	6681	25	14	172.0
01_22_2020_18_11_33	1024	15	4	60000	25620639	90010	142	15	48.0
01_22_2020_18_11_42	1024	15	8	60000	25848391	63814	153	14	56.93333333333333
01_22_2020_18_11_53	1024	15	16	60000	16511097	18226	136	14	67.8
01_22_2020_18_12_05	1024	15	32	60000	12219526	14179	85	15	81.73333333333333
01_22_2020_18_12_14	1024	15	64	60000	7368163	11100	42	14	104.4
01_22_2020_18_12_25	1024	15	128	60000	6105487	9505	25	14	175.46666666666667
01_22_2020_18_12_35	1448	15	4	60000	28852374	101597	179	15	48.0
01_22_2020_18_12_46	1448	15	8	60000	18926231	65909	89	14	58.93333333333333
01_22_2020_18_13_01	1448	15	16	60000	14641948	54828	93	14	70.2
01_22_2020_18_13_11	1448	15	32	60000	10746973	28650	66	14	86.46666666666667
01_22_2020_18_13_33	1448	15	64	60000	6894903	13089	37	15	102.6
01_22_2020_18_14_22	1448	15	128	60000	5700537	8767	27	14	171.33333333333334
01_22_2020_18_14_43	2048	15	4	60000	58264798	96031	468	15	48.93333333333333
01_22_2020_18_14_53	2048	15	8	60000	49090442	80018	363	14	58.06666666666667
01_22_2020_18_15_16	2048	15	16	60000	14331123	42868	89	16	67.2
01_22_2020_18_15_42	2048	15	32	60000	12043386	21778	74	14	78.53333333333333
01_22_2020_18_16_03	2048	15	64	60000	8053950	13959	42	15	98.13333333333334
01_22_2020_18_17_32	2048	15	128	60000	5806382	9179	26	15	167.8
01_22_2020_18_17_41	2896	15	4	60000	59982757	89449	777	14	50.6
01_22_2020_18_18_02	2896	15	8	60000	49793839	73119	512	14	58.13333333333333
01_22_2020_18_18_13	2896	15	16	60000	16150705	56435	98	16	67.06666666666666
01_22_2020_18_18_28	2896	15	32	60000	13911463	28647	95	15	80.06666666666666
01_22_2020_18_19_06	2896	15	64	60000	7854165	17249	39	16	96.86666666666666
01_22_2020_18_19_44	2896	15	128	60000	6046459	10906	25	15	172.46666666666667
01_22_2020_18_19_54	4096	15	4	60000	59971144	54548	734	15	52.8
01_22_2020_18_20_05	4096	15	8	60000	59994205	49264	760	14	57.0
01_22_2020_18_20_26	4096	15	16	60000	37186944	49578	360	16	68.73333333333333
01_22_2020_18_20_42	4096	15	32	60000	13880519	28288	76	14	78.46666666666667
01_22_2020_18_20_52	4096	15	64	60000	9701605	18032	44	17	98.6
01_22_2020_18_21_03	4096	15	128	60000	6263371	13050	31	14	172.6
01_22_2020_18_22_02	5792	15	4	60000	59958257	60142	638	17	55.93333333333333
01_22_2020_18_22_12	5792	15	8	60000	59992993	65759	700	14	60.46666666666667
01_22_2020_18_22_23	5792	15	16	60000	54482546	42571	643	17	58.93333333333333
01_22_2020_18_22_33	5792	15	32	60000	11987322	28682	64	15	79.66666666666667
01_22_2020_18_22_43	5792	15	64	60000	8863960	17466	50	14	102.46666666666667
01_22_2020_18_22_53	5792	15	128	60000	6226677	14031	37	14	177.0
01_22_2020_18_23_38	8192	15	4	60000	59909018	48203	390	15	50.6
01_22_2020_18_24_04	8192	15	8	60000	37536851	46829	411	15	60.0
01_22_2020_18_24_31	8192	15	16	60000	32468273	36746	382	16	67.66666666666667
01_22_2020_18_24_42	8192	15	32	60000	26367897	26999	282	15	79.2
01_22_2020_18_25_09	8192	15	64	60000	7789536	12557	43	14	108.4
01_22_2020_18_25_24	8192	15	128	60000	6409199	10228	32	14	178.0
01_22_2020_18_25_57	11585	15	4	60000	35090102	31368	249	15	56.266666666666666
01_22_2020_18_26_07	11585	15	8	60000	26763993	25159	256	14	61.86666666666667
01_22_2020_18_26_17	11585	15	16	60000	20071740	17386	205	14	68.66666666666667
01_22_2020_18_26_34	11585	15	32	60000	13712105	14378	85	15	84.46666666666667
01_22_2020_18_27_07	11585	15	64	60000	8973981	13583	53	15	116.06666666666666
01_22_2020_18_27_39	11585	15	128	60000	5950733	8534	32	14	189.8
01_22_2020_18_28_06	16384	15	4	60000	19784865	20404	207	14	60.266666666666666
01_22_2020_18_28_21	16384	15	8	60000	20380601	23886	206	16	62.333333333333336
01_22_2020_18_28_31	16384	15	16	60000	18642038	17132	188	14	65.53333333333333
01_22_2020_18_29_32	16384	15	32	60000	12080462	13513	91	16	86.4
01_22_2020_18_29_43	16384	15	64	60000	8023968	8919	49	14	121.66666666666667
01_22_2020_18_30_31	16384	15	128	60000	6023019	6551	24	15	194.13333333333333
01_22_2020_18_30_47	23170	15	4	60000	19871249	19152	184	15	60.4
01_22_2020_18_30_58	23170	15	8	60000	16626689	16614	167	14	62.2
01_22_2020_18_31_31	23170	15	16	60000	15234021	11504	110	14	69.13333333333334
01_22_2020_18_31_41	23170	15	32	60000	14721510	11516	85	15	82.06666666666666
01_22_2020_18_33_09	23170	15	64	60000	7036628	8215	32	15	126.86666666666666
01_22_2020_18_33_51	23170	15	128	60000	5642715	6419	26	15	210.2
01_22_2020_18_34_02	32768	15	4	60000	14718941	13849	90	16	59.266666666666666
01_22_2020_18_34_40	32768	15	8	60000	13221208	10688	86	15	62.2
01_22_2020_18_35_35	32768	15	16	60000	12277709	9659	77	14	69.0
01_22_2020_18_35_56	32768	15	32	60000	10322777	7978	73	14	84.66666666666667
01_22_2020_18_36_06	32768	15	64	60000	6059788	6739	30	15	128.66666666666666
01_22_2020_18_36_29	32768	15	128	60000	5918994	5250	21	14	206.33333333333334
01_22_2020_18_37_15	46340	15	4	60000	16327149	16724	120	14	60.2
01_22_2020_18_37_26	46340	15	8	60000	14294111	12633	106	14	62.86666666666667
01_22_2020_18_37_53	46340	15	16	60000	11423756	10120	64	14	70.26666666666667
01_22_2020_18_38_15	46340	15	32	60000	12536067	8975	77	14	84.73333333333333
01_22_2020_18_38_52	46340	15	64	60000	7030817	6295	36	14	129.86666666666667
01_22_2020_18_39_13	46340	15	128	60000	6265195	4256	24	14	211.53333333333333
01_22_2020_18_39_35	65536	15	4	60000	11644988	12718	79	15	59.733333333333334
01_22_2020_18_39_51	65536	15	8	60000	11744093	9344	72	16	62.733333333333334
01_22_2020_18_40_07	65536	15	16	60000	11980387	8509	75	14	69.73333333333333
01_22_2020_18_40_17	65536	15	32	60000	7866143	6305	35	17	88.26666666666667
01_22_2020_18_40_27	65536	15	64	60000	7443793	6084	32	14	131.33333333333334
01_22_2020_18_41_19	65536	15	128	60000	10323590	4894	15	18	218.26666666666668
01_22_2020_18_41_27	92681	15	4	60000	15348984	11385	52	16	59.666666666666664
01_22_2020_18_41_49	92681	15	8	60000	9795603	9434	51	15	63.06666666666667
01_22_2020_18_42_10	92681	15	16	60000	8771443	7876	48	14	71.0
01_22_2020_18_43_09	92681	15	32	60000	8794896	5661	37	14	89.46666666666667
01_22_2020_18_43_53	92681	15	64	60000	6987873	5475	34	14	131.26666666666668
01_22_2020_18_44_56	92681	15	128	60000	6387169	4360	19	15	217.06666666666666
01_22_2020_18_45_10	131072	15	4	60000	10807548	13784	60	14	60.06666666666667
01_22_2020_18_45_20	131072	15	8	60000	10036886	8559	53	16	63.0
01_22_2020_18_46_26	131072	15	16	60000	9136103	7865	46	15	71.2
01_22_2020_18_46_41	131072	15	32	60000	7291419	6096	43	16	89.0
01_22_2020_18_46_57	131072	15	64	60000	6269666	5080	27	15	131.06666666666666
01_22_2020_18_48_20	131072	15	128	60000	6058740	4628	20	16	219.66666666666666
01_22_2020_18_48_40	185363	15	4	60000	8808937	11682	52	15	59.93333333333333
01_22_2020_18_48_51	185363	15	8	60000	10315012	10474	59	15	63.06666666666667
01_22_2020_18_49_30	185363	15	16	60000	12278545	7351	41	16	70.93333333333334
01_22_2020_18_49_56	185363	15	32	60000	7251230	6546	42	14	89.46666666666667
01_22_2020_18_50_07	185363	15	64	60000	5948026	4149	27	16	130.86666666666667
01_22_2020_18_50_27	185363	15	128	60000	5858858	4298	28	14	216.06666666666666
01_22_2020_18_51_33	262144	15	4	60000	9015723	11294	49	14	60.2
01_22_2020_18_51_42	262144	15	8	60000	10133689	9181	61	15	63.06666666666667
01_22_2020_18_52_26	262144	15	16	60000	7298150	7320	40	15	71.4
01_22_2020_18_52_47	262144	15	32	60000	7842955	4538	32	15	89.73333333333333
01_22_2020_18_52_58	262144	15	64	60000	6080849	4920	22	17	135.26666666666668
01_22_2020_18_53_25	262144	15	128	60000	5619868	4971	21	14	221.26666666666668
01_22_2020_18_53_40	370727	15	4	60000	8179799	15451	40	15	58.8
01_22_2020_18_53_51	370727	15	8	60000	9907521	11040	45	15	62.666666666666664
01_22_2020_18_54_07	370727	15	16	60000	8486457	5983	38	14	71.13333333333334
01_22_2020_18_54_22	370727	15	32	60000	7687541	5794	27	15	94.66666666666667
01_22_2020_18_54_55	370727	15	64	60000	6939164	4805	28	15	137.8
01_22_2020_18_55_05	370727	15	128	60000	6199540	4787	22	14	226.26666666666668
01_22_2020_18_55_37	524288	15	4	60000	8696020	7510	39	15	61.4
01_22_2020_18_56_06	524288	15	8	60000	8364509	9799	47	15	63.53333333333333
01_22_2020_18_56_20	524288	15	16	60000	8298207	4578	39	16	68.93333333333334
01_22_2020_18_56_41	524288	15	32	60000	8828362	4834	34	16	84.53333333333333
01_22_2020_18_56_58	524288	15	64	60000	6484782	4720	26	15	129.53333333333333
01_22_2020_18_57_13	524288	15	128	60000	5636542	5461	22	15	218.26666666666668
01_22_2020_18_57_24	741455	15	4	60000	8560817	17703	35	15	59.733333333333334
01_22_2020_18_57_56	741455	15	8	60000	9941265	16858	45	17	63.266666666666666
01_22_2020_18_58_17	741455	15	16	60000	9927720	11417	42	14	73.93333333333334
01_22_2020_18_59_34	741455	15	32	60000	10064957	7662	39	14	95.6
01_22_2020_18_59_57	741455	15	64	60000	8537475	4593	29	17	131.93333333333334
01_22_2020_19_00_05	741455	15	128	60000	5651824	5032	22	14	216.46666666666667
01_22_2020_19_00_15	1048576	15	4	60000	11507535	27042	39	15	57.333333333333336
01_22_2020_19_00_53	1048576	15	8	60000	11522038	27170	50	16	62.666666666666664
01_22_2020_19_01_49	1048576	15	16	60000	9393919	11862	33	16	75.13333333333334
01_22_2020_19_02_20	1048576	15	32	60000	10342570	12679	40	15	104.73333333333333
01_22_2020_19_03_04	1048576	15	64	60000	9403718	7381	28	14	160.53333333333333
01_22_2020_19_03_15	1048576	15	128	60000	7225346	4255	18	15	247.26666666666668
